      0.00000         0.00000
     2.000000E-02    9.067984E-03
     4.000000E-02    1.813505E-02
     6.000000E-02    2.720008E-02
     8.000000E-02    3.626154E-02
     9.999999E-02    4.531713E-02
     0.120000        5.436330E-02
     0.140000        6.339449E-02
     0.160000        7.240190E-02
     0.180000        8.137160E-02
     0.200000        9.028153E-02
     0.220000        9.909673E-02
     0.240000        0.107762
     0.260000        0.116190
     0.280000        0.124243
     0.300000        0.131706
     0.320000        0.138248
     0.340000        0.143358
     0.360000        0.146280
     0.380000        0.145923
     0.400000        0.140820
     0.420000        0.129195
     0.440000        0.109305
     0.460000        8.018395E-02
     0.480000        4.265787E-02
     0.500000       -8.650814E-08
     0.520000       -4.265803E-02
     0.540000       -8.018409E-02
     0.560000       -0.109305
     0.580000       -0.129195
     0.600000       -0.140821
     0.620000       -0.145923
     0.640000       -0.146280
     0.660000       -0.143358
     0.680000       -0.138248
     0.700000       -0.131706
     0.720000       -0.124243
     0.740000       -0.116190
     0.760000       -0.107762
     0.780000       -9.909673E-02
     0.800000       -9.028153E-02
     0.820000       -8.137160E-02
     0.840000       -7.240190E-02
     0.860000       -6.339449E-02
     0.880000       -5.436330E-02
     0.900000       -4.531713E-02
     0.920000       -3.626154E-02
     0.940000       -2.720008E-02
     0.960000       -1.813505E-02
     0.980000       -9.067984E-03
      1.00000         0.00000
